aag 499 110 0 165 389
88
58
274
752
548
964
572
236
796
146
4
260
200
686
926
226
810
788
178
54
816
430
332
112
514
734
390
292
254
462
198
884
580
50
716
506
326
848
522
562
920
238
826
790
776
22
890
704
206
698
924
998
880
316
96
282
968
302
534
762
996
476
544
504
46
944
280
622
846
612
808
424
902
728
656
160
840
272
400
450
378
938
512
196
532
114
116
644
30
354
766
872
286
554
488
484
896
500
174
498
74
518
742
960
396
990
432
758
224
428
88
964
686
178
54
430
734
292
462
506
522
826
924
880
534
996
476
544
46
280
612
808
160
840
400
196
354
872
286
554
484
518
960
224
730
232
244
648
540
858
706
192
876
394
318
262
460
456
806
510
52
182
906
856
410
754
768
608
680
334
908
314
350
94
124
470
6
170
384
344
90
760
440
148
388
360
442
422
804
204
684
710
84
900
748
772
256
92
836
854
212
868
740
324
812
70
536
958
24
634
352
636
692
154
736
122
668
82
676
246
358
496
386
2
190
898
372
984
32
658
374
408
242
956
814
120
66
596
718
284
708
834
546
576
134
778
458
14
168
38
624
270
954
328
376
230
342
782
126
490
822
102
404
564
616
688
888
78
598
140
406
520
664
106
186
446 484 327
712 462 146
312 841 237
128 573 160
730 446 991
398 432 50
210 303 399
746 735 488
800 790 54
232 848 796
828 545 996
600 274 656
142 260 777
524 924 23
244 704 846
108 991 809
714 446 398
648 512 446
540 200 896
474 945 179
44 811 938
248 332 1
858 902 117
156 198 272
418 201 762
486 398 728
34 991 313
638 248 332
592 499 210
434 808 326
838 938 160
136 239 238
726 23 500
370 232 747
706 648 713
980 518 880
530 34 638
738 225 400
604 572 858
696 613 225
268 419 738
228 506 115
76 31 156
150 474 89
62 846 429
508 63 136
556 462 488
162 447 827
918 227 858
946 447 161
306 178 535
176 484 960
172 849 743
192 731 435
610 429 272
844 841 76
264 233 1
876 829 333
322 715 656
304 488 499
394 424 506
526 476 88
310 108 525
318 613 249
494 796 463
262 581 46
864 845 657
216 549 554
460 828 613
296 115 394
866 434 177
132 531 746
456 175 890
806 394 758
80 877 715
962 968 233
646 811 515
510 265 475
720 639 47
48 173 938
52 280 129
466 946 51
336 896 758
630 494 500
722 268 128
202 23 323
26 808 274
948 523 807
110 555 399
480 605 302
182 505 206
906 612 728
856 810 254
410 920 847
330 196 411
824 46 758
754 495 776
768 809 969
220 207 720
608 857 446
680 249 146
36 296 704
356 944 638
878 48 796
818 419 480
744 522 948
794 97 515
334 390 249
978 76 62
908 287 292
208 752 269
314 696 220
936 514 133
350 739 938
538 334 293
94 112 430
10 313 94
986 265 395
654 424 227
300 248 727
942 379 734
240 844 533
640 318 909
124 489 203
614 95 151
470 430 5
994 612 11
454 217 323
144 605 730
952 396 980
830 563 946
870 873 111
392 657 432
922 897 394
6 112 355
992 95 221
338 236 922
170 705 55
16 245 268
770 738 981
384 172 790
618 354 501
690 203 562
582 562 316
976 771 582
138 993 7
852 919 925
492 162 763
756 302 852
344 961 162
894 280 753
164 457 392
966 964 525
90 969 88
784 296 996
298 332 964
104 261 525
252 562 236
118 183 539
42 150 902
760 477 463
464 173 297
440 91 305
904 745 345
148 872 133
588 182 513
970 10 90
478 157 811
98 908 476
388 450 323
672 977 853
360 811 964
442 132 523
422 512 338
932 311 298
820 425 81
804 252 314
764 738 150
516 274 419
882 137 116
308 648 978
204 817 301
684 379 824
710 846 549
84 963 361
792 6 450
340 761 655
660 614 684
900 261 474
748 253 622
772 350 99
832 791 508
256 22 816
92 147 163
940 136 919
930 196 273
570 202 661
836 500 605
578 145 493
320 93 104
560 182 986
854 165 641
212 805 88
868 149 93
426 394 465
740 430 549
324 523 891
812 868 704
862 987 918
850 661 75
70 918 282
632 845 582
536 301 721
436 213 785
958 174 641
294 314 350
628 157 673
40 49 939
24 921 713
652 136 522
634 881 517
352 571 901
542 738 221
346 30 451
636 145 182
278 389 619
692 315 424
594 859 691
154 333 454
736 470 59
122 740 486
158 389 869
668 322 895
82 656 540
234 969 302
676 333 239
246 203 720
982 883 356
358 523 161
496 344 978
386 309 756
626 711 286
8 971 707
2 239 84
214 895 673
842 443 762
20 933 510
568 593 485
190 171 851
412 105 947
194 133 249
898 317 986
988 563 758
642 613 312
438 838 771
372 178 292
732 942 980
984 595 163
288 178 495
700 716 157
886 0 229
662 661 831
166 805 326
32 190 16
658 712 163
218 631 32
374 919 898
482 300 93
934 411 522
724 341 943
276 374 641
408 162 615
242 26 742
956 324 157
362 759 533
814 49 791
120 969 293
468 493 631
66 807 303
596 985 249
718 840 669
974 850 846
284 946 75
666 121 723
558 262 248
708 903 926
950 661 653
566 47 0
28 644 696
834 242 673
546 63 562
100 891 94
574 426 992
798 280 789
928 835 114
576 927 296
134 570 993
452 667 132
266 535 278
778 304 195
458 592 794
584 246 397
694 613 162
152 269 82
682 558 315
14 112 439
802 24 311
774 673 288
702 435 489
12 113 810
168 42 489
550 37 836
68 610 176
910 35 33
552 285 172
402 244 229
38 902 8
368 810 10
364 928 273
624 234 867
916 623 544
290 276 112
18 413 385
56 557 536
184 197 442
222 483 978
270 570 797
780 120 175
954 271 578
444 223 115
72 995 981
328 707 100
376 225 726
230 459 746
366 859 864
342 799 229
786 533 447
972 307 597
416 510 362
348 46 232
472 870 799
782 544 466
126 481 228
188 553 373
490 164 163
822 386 19
102 68 330
404 968 717
670 304 722
380 278 396
448 347 138
586 478 137
674 244 536
502 465 961
564 455 70
914 595 722
616 332 533
688 576 922
180 657 81
590 940 295
64 151 668
420 676 1
528 64 489
874 956 809
888 853 21
606 729 512
78 756 918
414 430 425
598 146 978
750 133 312
130 15 321
620 460 67
140 4 669
678 515 364
86 526 145
406 312 442
520 199 583
258 217 953
892 853 620
250 150 398
664 206 666
860 868 294
912 295 830
106 925 308
602 167 370
60 381 215
650 727 288
382 818 862
186 381 309
